$ANSIBLE_VAULT;1.1;AES256
39363766313130376462633565383565636266613336303030346532623231623737666132626638
6630386134363261626333663230353866333035303765630a313535663835323066373166633831
62333264396464393132663037643131373437363666643763323539623434616334623938613662
6364356131633938320a643331636138316338653836643062663263333134313665646361386133
62323666366365306331656365303939623462396165363565303532323338303937313261376262
33356136313265343131396230346530303135663939356366336561323836623732663934363165
62363563613065396163333037306536616161333765666537393562626531663233336163643162
66653930376566666331353833313362343364383561336138373330666232376632353665326534
66383539393536383437393963326238626635333038356465643664363334653165653439636334
62383564393130613164303432626234663931313766633938303533643562646566663836666130
32346362343838626532366632633966643935333638633536306264303634303637303439643436
31613131323334633139633432626535333134323262663436613631613930313730616436643633
66666431333138613831633462313235316261383636393233363739343265326530623966366130
61636137313764363531373132316235393264363737316361316139373061393635303563363132
35333165303766373366383030663961393963633339323261323837666363343433326331663037
66323830326538323430383931356435636138353432663662393261356133653666366161323635
32313533333261346163303763633637363334386434346334336539393932656333343439396235
66666534376563656134323436356539306233616566386664386132366339383137376638636164
39663061626361366430616431316131643836646137633538396130616466616566376463363565
30333738633531666665306436626636653536383264336239353637633662326266316162643635
35643536373935326530666133346133353661653134376463353961333237613766333764363266
32363937336265396533386539366333386566366639393639363166343438336536626335326235
65663938663638613165613938326666663437646464376338393131336239376239616637623031
63333635623762353038366334626230323462346466646431356331626132326361326261343831
63366537623437653162663362633463343138633534333162363531316336636336313164386664
65343537656234316338613465653836356333666338376638336533353064333832366639316662
37663335663831303730363964353366616131353632613939383464633161393035396232633939
32656637306661353933613363643835363032656361336131616463316538663737316234366335
38613635393733613837646331373162323832636636303065633431343839636135646466643838
61306332393232376566306163303262366565306333343436326235373065393737366539623831
62313335643161626638313839656663326561646466646431343731313536346636366561663063
31663462396464366236653132613533653532343466303133396235623438363030323563643433
65393631353966323263653839613666323763616364353237383334343662326138393135393563
36363965353338313939303962336138663535306130346165336236323731396164613134613135
31303432343933316339366165623534383536363539323833306364646662333061333961363330
64313638376638373461653435363535353136623966636363616539323233643861393737396433
65366363613134613364323837663635636366323433336562623061303633323638326465653032
32363730373162623931303937356637636162306334346663396661343563353262303666343461
64326664363832326130663733373430346461333235306665323631663364336564383564396262
37626135363564366265373830626465366237363634393334363837323136383163656162316665
35386463356461386361353330363932356335313365333830616165323331356439633661636464
66343961326132656430633866653137353235666161616635303237376636616134353362613664
34336561306130346635613361613533623230356239363936393161303636353561626332323731
37343535393335383436643839313936653239346136643563363163373634383066323335326338
36633164343662343239616230643464663730373837313837323765313831333638366664336135
37306566633562353966626533373263323636316435353266333437383332663034353837336431
36626132393762383638306131353036376637613930376233393061363739323136323638393864
64653339323833373733613735663734633031363036356363636636393666633237386137643531
62623832396336613433366164323035613833353963643933646663363236323565653565616364
32666335643136393864356639396137393530306664393361323764613739363935626434386462
63653930656232323234613039636638386263323734313631393537316135646133343664383037
36333565316436633132356539346439356538343235633861313764643264663039353738353238
39666562393137623037376631353738363335353239643265373164623931316437653364343366
33646466643863306130626636383730316335333065626436313738306135623766653233633838
61643734336634313437383231313239623934313334663266643933313930363364623961396464
65386562666663643032333333363665643230373734303630623632656330633461616161333734
34633165653266306238623636326565363262613635363465396365633139346161633933393239
39323433383938653234623066313131363035643132303830323265306133616637306434653936
61663939383631383939616431383433356132646330333534356630613237346638623232636638
65363463393937393864373137623966396135666365363532653064653762373432366138366337
30613761363366373661323364313534336430393761336339376437393532346161626538303032
65353332643765323661306239393233313637363937313733613361663833336466613937343034
38663037656132343461396331666138386261353136656237613230363563653636393230303933
62306431343966396239373363336436636566306639363463313466386265646263303161383661
36333332636435303830633339303433353965653136646133636166356263313232303739643861
36393264353639616234613633383033643038303534623966363037353664616139663435663531
37646433373063666137623138306630323565386537343465386563613136626161326139643237
65623739333866376631353133353439393261386435303661313564303531656561373761623366
35636634623839336335323832663365323139333865643332336236656265383934313561393863
30396239373233653038323137376463663566343762636234626461376535613137333663353962
61386139653963306664333964323830366339313731333131653134336237303866653766336537
35313436303766393139653036656137343132653261653234303062653639323261333666326565
37646564663937383036616238383932313462393837313235393435383035623833616332313962
6435633739353961633766343732626534313162363938343566
